{
  "nbformat": 4,
  "nbformat_minor": 0,
  "metadata": {
    "colab": {
      "provenance": []
    },
    "kernelspec": {
      "name": "python3",
      "display_name": "Python 3"
    },
    "language_info": {
      "name": "python"
    }
  },
  "cells": [
    {
      "cell_type": "markdown",
      "source": [
        "# Scraping and Analyzing Airline Reviews\n",
        "# Overview:\n",
        "In This notebook scrapes reviews of British Airways from Airline Quality and performs sentiment analysis on the gathered data. The notebook also creates visualizations, including a sentiment distribution pie chart and word clouds for positive reviews and negative reviews."
      ],
      "metadata": {
        "id": "bw6aGJw1qxnZ"
      }
    },
    {
      "cell_type": "code",
      "source": [
        "nltk.download('punkt')\n",
        "nltk.download('stopwords')\n",
        "!pip install nltk\n",
        "!pip install vaderSentiment\n",
        "nltk.download('vader_lexicon')"
      ],
      "metadata": {
        "colab": {
          "base_uri": "https://localhost:8080/"
        },
        "id": "Sg2s2VJ0sdwA",
        "outputId": "d56b6557-b413-40ca-f4f8-ca62666dbf5b"
      },
      "execution_count": null,
      "outputs": [
        {
          "output_type": "stream",
          "name": "stderr",
          "text": [
            "[nltk_data] Downloading package punkt to /root/nltk_data...\n",
            "[nltk_data]   Package punkt is already up-to-date!\n",
            "[nltk_data] Downloading package stopwords to /root/nltk_data...\n",
            "[nltk_data]   Package stopwords is already up-to-date!\n"
          ]
        },
        {
          "output_type": "stream",
          "name": "stdout",
          "text": [
            "Requirement already satisfied: nltk in /usr/local/lib/python3.10/dist-packages (3.8.1)\n",
            "Requirement already satisfied: click in /usr/local/lib/python3.10/dist-packages (from nltk) (8.1.7)\n",
            "Requirement already satisfied: joblib in /usr/local/lib/python3.10/dist-packages (from nltk) (1.3.2)\n",
            "Requirement already satisfied: regex>=2021.8.3 in /usr/local/lib/python3.10/dist-packages (from nltk) (2023.12.25)\n",
            "Requirement already satisfied: tqdm in /usr/local/lib/python3.10/dist-packages (from nltk) (4.66.2)\n",
            "Requirement already satisfied: vaderSentiment in /usr/local/lib/python3.10/dist-packages (3.3.2)\n",
            "Requirement already satisfied: requests in /usr/local/lib/python3.10/dist-packages (from vaderSentiment) (2.31.0)\n",
            "Requirement already satisfied: charset-normalizer<4,>=2 in /usr/local/lib/python3.10/dist-packages (from requests->vaderSentiment) (3.3.2)\n",
            "Requirement already satisfied: idna<4,>=2.5 in /usr/local/lib/python3.10/dist-packages (from requests->vaderSentiment) (3.6)\n",
            "Requirement already satisfied: urllib3<3,>=1.21.1 in /usr/local/lib/python3.10/dist-packages (from requests->vaderSentiment) (2.0.7)\n",
            "Requirement already satisfied: certifi>=2017.4.17 in /usr/local/lib/python3.10/dist-packages (from requests->vaderSentiment) (2024.2.2)\n"
          ]
        },
        {
          "output_type": "stream",
          "name": "stderr",
          "text": [
            "[nltk_data] Downloading package vader_lexicon to /root/nltk_data...\n",
            "[nltk_data]   Package vader_lexicon is already up-to-date!\n"
          ]
        },
        {
          "output_type": "execute_result",
          "data": {
            "text/plain": [
              "True"
            ]
          },
          "metadata": {},
          "execution_count": 65
        }
      ]
    },
    {
      "cell_type": "code",
      "source": [
        "import requests\n",
        "from bs4 import BeautifulSoup\n",
        "import pandas as pd\n",
        "from nltk.corpus import stopwords\n",
        "from nltk.tokenize import word_tokenize\n",
        "import nltk\n",
        "import seaborn as sns\n",
        "import matplotlib.pyplot as plt\n",
        "from nltk.corpus import stopwords\n",
        "from bs4 import BeautifulSoup\n",
        "from nltk.sentiment.vader import SentimentIntensityAnalyzer\n",
        "from tqdm import tqdm\n",
        "from nltk.sentiment import SentimentIntensityAnalyzer"
      ],
      "metadata": {
        "id": "2g7g2X28qx-I"
      },
      "execution_count": null,
      "outputs": []
    },
    {
      "cell_type": "markdown",
      "source": [
        "# Data Collection with beautiful soap\n",
        "\n"
      ],
      "metadata": {
        "id": "pWWXJ4gErQEz"
      }
    },
    {
      "cell_type": "code",
      "source": [
        "reviews  = []"
      ],
      "metadata": {
        "id": "J4-wualxxFhg"
      },
      "execution_count": null,
      "outputs": []
    },
    {
      "cell_type": "code",
      "source": [
        "reviews = []\n",
        "\n",
        "for i in range(1, 31):\n",
        "    page = requests.get(f\"https://www.airlinequality.com/airline-reviews/british-airways/page/{i}/?sortby=post_date%3ADesc&pagesize=100\")\n",
        "\n",
        "    soup = BeautifulSoup(page.content, \"html5\")\n",
        "\n",
        "    for item in soup.find_all(\"div\", class_=\"text_content\"):\n",
        "        reviews.append(item.text)\n",
        "\n"
      ],
      "metadata": {
        "id": "TDrbPQk0J8xD"
      },
      "execution_count": null,
      "outputs": []
    },
    {
      "cell_type": "code",
      "source": [
        "len(reviews)"
      ],
      "metadata": {
        "colab": {
          "base_uri": "https://localhost:8080/"
        },
        "id": "fcJ49ZJVHccW",
        "outputId": "93527e1f-b9aa-42ab-890e-467173fbc20f"
      },
      "execution_count": null,
      "outputs": [
        {
          "output_type": "execute_result",
          "data": {
            "text/plain": [
              "3000"
            ]
          },
          "metadata": {},
          "execution_count": 69
        }
      ]
    },
    {
      "cell_type": "code",
      "source": [
        "\n",
        "df = pd.DataFrame({\n",
        "    'reviews': reviews\n",
        "})\n",
        "\n",
        "df['id'] = df.reset_index().index + 1\n",
        "\n",
        "print(df.head())\n"
      ],
      "metadata": {
        "colab": {
          "base_uri": "https://localhost:8080/"
        },
        "id": "x7Yyeco7Nva8",
        "outputId": "5528c6d1-ddf8-448c-c215-1aace999daca"
      },
      "execution_count": null,
      "outputs": [
        {
          "output_type": "stream",
          "name": "stdout",
          "text": [
            "                                             reviews  id\n",
            "0  ✅ Trip Verified | I am a British Airways Gold ...   1\n",
            "1  Not Verified |  Another case of reviewing Brit...   2\n",
            "2  ✅ Trip Verified | On the memorable day of Janu...   3\n",
            "3  Not Verified | I did not actually get to fly w...   4\n",
            "4  ✅ Trip Verified | We had possibly the worse ch...   5\n"
          ]
        }
      ]
    },
    {
      "cell_type": "markdown",
      "source": [
        "# Data Cleaning"
      ],
      "metadata": {
        "id": "Wlc6V4Ktr3VS"
      }
    },
    {
      "cell_type": "code",
      "source": [
        "df = df[df['reviews'].notna()]\n",
        "df['reviews'] = df['reviews'].str.replace('\\n', ' ')\n",
        "df['reviews'] = df['reviews'].str.replace('\\t', ' ')\n",
        "df['reviews'] = df['reviews'].str.strip()\n",
        "df['reviews'] = df['reviews'].str.replace('[^a-zA-Z\\s]', '')\n",
        "df['reviews'] = df['reviews'].str.lower()\n",
        "\n",
        "stop_words = set(stopwords.words('english'))\n",
        "df['reviews'] = df['reviews'].apply(lambda x: ' '.join([word for word in x.split() if word not in stop_words]))\n",
        "\n",
        "remove_words = ['trip', 'verified', 'unverified', 'ba', 'british', 'airways']\n",
        "df['reviews'] = df['reviews'].apply(lambda x: ' '.join([word for word in x.split() if word not in remove_words]))\n",
        "\n",
        "\n",
        "print(df.head())\n"
      ],
      "metadata": {
        "id": "ND_IzPBki7OL",
        "colab": {
          "base_uri": "https://localhost:8080/"
        },
        "outputId": "e7df1bad-b07b-478c-a9f8-56ada25cde15"
      },
      "execution_count": null,
      "outputs": [
        {
          "output_type": "stream",
          "name": "stderr",
          "text": [
            "<ipython-input-71-109a493d9c5f>:5: FutureWarning: The default value of regex will change from True to False in a future version.\n",
            "  df['reviews'] = df['reviews'].str.replace('[^a-zA-Z\\s]', '')\n"
          ]
        },
        {
          "output_type": "stream",
          "name": "stdout",
          "text": [
            "                                             reviews  id\n",
            "0  gold guest list member lifetime privileges spi...   1\n",
            "1  another case reviewing flights actually provid...   2\n",
            "2  memorable day january th family embarked journ...   3\n",
            "3  actually get fly cancelled flight days notice ...   4\n",
            "4  possibly worse checkin experience ever ever to...   5\n"
          ]
        }
      ]
    },
    {
      "cell_type": "markdown",
      "source": [
        "# Sentiment Analysis"
      ],
      "metadata": {
        "id": "QXhcfbhRuEFk"
      }
    },
    {
      "cell_type": "code",
      "source": [
        "sia = SentimentIntensityAnalyzer()\n",
        "res = {}\n",
        "for i, row in tqdm(df.iterrows(), total=len(df)):\n",
        "    text = row['reviews']\n",
        "    id = row['id']\n",
        "    res[id] = sia.polarity_scores(text)"
      ],
      "metadata": {
        "colab": {
          "base_uri": "https://localhost:8080/"
        },
        "id": "87EMKH8GQMVF",
        "outputId": "006c6250-47c1-40f2-96eb-4d28cbfdcd7c"
      },
      "execution_count": null,
      "outputs": [
        {
          "output_type": "stream",
          "name": "stderr",
          "text": [
            "100%|██████████| 3000/3000 [00:07<00:00, 406.76it/s]\n"
          ]
        }
      ]
    },
    {
      "cell_type": "code",
      "source": [
        "res"
      ],
      "metadata": {
        "colab": {
          "base_uri": "https://localhost:8080/"
        },
        "id": "hrD4BI6sSEKo",
        "outputId": "1b2feb49-e6cb-466e-92ed-f780c23f8c0d"
      },
      "execution_count": null,
      "outputs": [
        {
          "output_type": "execute_result",
          "data": {
            "text/plain": [
              "{1: {'neg': 0.126, 'neu': 0.701, 'pos': 0.173, 'compound': 0.7269},\n",
              " 2: {'neg': 0.024, 'neu': 0.853, 'pos': 0.123, 'compound': 0.7942},\n",
              " 3: {'neg': 0.017, 'neu': 0.736, 'pos': 0.247, 'compound': 0.9923},\n",
              " 4: {'neg': 0.227, 'neu': 0.648, 'pos': 0.125, 'compound': -0.4767},\n",
              " 5: {'neg': 0.111, 'neu': 0.717, 'pos': 0.172, 'compound': 0.7069},\n",
              " 6: {'neg': 0.025, 'neu': 0.68, 'pos': 0.295, 'compound': 0.9584},\n",
              " 7: {'neg': 0.035, 'neu': 0.715, 'pos': 0.25, 'compound': 0.959},\n",
              " 8: {'neg': 0.03, 'neu': 0.97, 'pos': 0.0, 'compound': -0.0258},\n",
              " 9: {'neg': 0.127, 'neu': 0.736, 'pos': 0.137, 'compound': 0.5542},\n",
              " 10: {'neg': 0.366, 'neu': 0.476, 'pos': 0.158, 'compound': -0.8916},\n",
              " 11: {'neg': 0.112, 'neu': 0.774, 'pos': 0.114, 'compound': 0.296},\n",
              " 12: {'neg': 0.06, 'neu': 0.7, 'pos': 0.24, 'compound': 0.9349},\n",
              " 13: {'neg': 0.122, 'neu': 0.72, 'pos': 0.158, 'compound': 0.7096},\n",
              " 14: {'neg': 0.064, 'neu': 0.82, 'pos': 0.116, 'compound': 0.8487},\n",
              " 15: {'neg': 0.305, 'neu': 0.66, 'pos': 0.035, 'compound': -0.9293},\n",
              " 16: {'neg': 0.223, 'neu': 0.689, 'pos': 0.089, 'compound': -0.8718},\n",
              " 17: {'neg': 0.0, 'neu': 0.869, 'pos': 0.131, 'compound': 0.6602},\n",
              " 18: {'neg': 0.059, 'neu': 0.724, 'pos': 0.217, 'compound': 0.9296},\n",
              " 19: {'neg': 0.195, 'neu': 0.705, 'pos': 0.101, 'compound': -0.8126},\n",
              " 20: {'neg': 0.055, 'neu': 0.714, 'pos': 0.23, 'compound': 0.9349},\n",
              " 21: {'neg': 0.153, 'neu': 0.61, 'pos': 0.237, 'compound': 0.8197},\n",
              " 22: {'neg': 0.159, 'neu': 0.735, 'pos': 0.106, 'compound': -0.7884},\n",
              " 23: {'neg': 0.054, 'neu': 0.738, 'pos': 0.208, 'compound': 0.9186},\n",
              " 24: {'neg': 0.168, 'neu': 0.76, 'pos': 0.071, 'compound': -0.8126},\n",
              " 25: {'neg': 0.17, 'neu': 0.708, 'pos': 0.121, 'compound': -0.2263},\n",
              " 26: {'neg': 0.038, 'neu': 0.755, 'pos': 0.207, 'compound': 0.9747},\n",
              " 27: {'neg': 0.091, 'neu': 0.736, 'pos': 0.172, 'compound': 0.951},\n",
              " 28: {'neg': 0.128, 'neu': 0.731, 'pos': 0.14, 'compound': 0.4215},\n",
              " 29: {'neg': 0.055, 'neu': 0.525, 'pos': 0.42, 'compound': 0.98},\n",
              " 30: {'neg': 0.238, 'neu': 0.643, 'pos': 0.118, 'compound': -0.9487},\n",
              " 31: {'neg': 0.205, 'neu': 0.765, 'pos': 0.031, 'compound': -0.924},\n",
              " 32: {'neg': 0.083, 'neu': 0.723, 'pos': 0.193, 'compound': 0.9804},\n",
              " 33: {'neg': 0.213, 'neu': 0.634, 'pos': 0.153, 'compound': -0.4588},\n",
              " 34: {'neg': 0.083, 'neu': 0.77, 'pos': 0.148, 'compound': 0.8533},\n",
              " 35: {'neg': 0.152, 'neu': 0.759, 'pos': 0.089, 'compound': -0.5414},\n",
              " 36: {'neg': 0.094, 'neu': 0.674, 'pos': 0.232, 'compound': 0.9929},\n",
              " 37: {'neg': 0.219, 'neu': 0.752, 'pos': 0.029, 'compound': -0.9313},\n",
              " 38: {'neg': 0.069, 'neu': 0.594, 'pos': 0.338, 'compound': 0.91},\n",
              " 39: {'neg': 0.0, 'neu': 0.54, 'pos': 0.46, 'compound': 0.9761},\n",
              " 40: {'neg': 0.115, 'neu': 0.584, 'pos': 0.301, 'compound': 0.995},\n",
              " 41: {'neg': 0.0, 'neu': 0.713, 'pos': 0.287, 'compound': 0.8934},\n",
              " 42: {'neg': 0.05, 'neu': 0.835, 'pos': 0.115, 'compound': 0.5719},\n",
              " 43: {'neg': 0.079, 'neu': 0.798, 'pos': 0.123, 'compound': 0.6486},\n",
              " 44: {'neg': 0.18, 'neu': 0.555, 'pos': 0.265, 'compound': 0.4404},\n",
              " 45: {'neg': 0.134, 'neu': 0.749, 'pos': 0.117, 'compound': -0.1874},\n",
              " 46: {'neg': 0.216, 'neu': 0.582, 'pos': 0.202, 'compound': -0.2654},\n",
              " 47: {'neg': 0.187, 'neu': 0.698, 'pos': 0.115, 'compound': -0.9451},\n",
              " 48: {'neg': 0.025, 'neu': 0.61, 'pos': 0.365, 'compound': 0.9806},\n",
              " 49: {'neg': 0.26, 'neu': 0.628, 'pos': 0.113, 'compound': -0.858},\n",
              " 50: {'neg': 0.156, 'neu': 0.735, 'pos': 0.109, 'compound': -0.6096},\n",
              " 51: {'neg': 0.0, 'neu': 0.914, 'pos': 0.086, 'compound': 0.4404},\n",
              " 52: {'neg': 0.101, 'neu': 0.76, 'pos': 0.139, 'compound': 0.2948},\n",
              " 53: {'neg': 0.0, 'neu': 0.855, 'pos': 0.145, 'compound': 0.885},\n",
              " 54: {'neg': 0.228, 'neu': 0.653, 'pos': 0.118, 'compound': -0.8227},\n",
              " 55: {'neg': 0.116, 'neu': 0.76, 'pos': 0.125, 'compound': 0.2235},\n",
              " 56: {'neg': 0.177, 'neu': 0.635, 'pos': 0.188, 'compound': 0.128},\n",
              " 57: {'neg': 0.212, 'neu': 0.63, 'pos': 0.158, 'compound': -0.6705},\n",
              " 58: {'neg': 0.115, 'neu': 0.773, 'pos': 0.112, 'compound': -0.1027},\n",
              " 59: {'neg': 0.137, 'neu': 0.651, 'pos': 0.212, 'compound': 0.4951},\n",
              " 60: {'neg': 0.123, 'neu': 0.751, 'pos': 0.126, 'compound': 0.3378},\n",
              " 61: {'neg': 0.085, 'neu': 0.792, 'pos': 0.123, 'compound': 0.8074},\n",
              " 62: {'neg': 0.114, 'neu': 0.379, 'pos': 0.507, 'compound': 0.9382},\n",
              " 63: {'neg': 0.079, 'neu': 0.591, 'pos': 0.331, 'compound': 0.9729},\n",
              " 64: {'neg': 0.31, 'neu': 0.654, 'pos': 0.035, 'compound': -0.9877},\n",
              " 65: {'neg': 0.066, 'neu': 0.597, 'pos': 0.336, 'compound': 0.9628},\n",
              " 66: {'neg': 0.0, 'neu': 0.764, 'pos': 0.236, 'compound': 0.7579},\n",
              " 67: {'neg': 0.103, 'neu': 0.723, 'pos': 0.173, 'compound': 0.649},\n",
              " 68: {'neg': 0.176, 'neu': 0.723, 'pos': 0.101, 'compound': -0.743},\n",
              " 69: {'neg': 0.045, 'neu': 0.808, 'pos': 0.146, 'compound': 0.8997},\n",
              " 70: {'neg': 0.186, 'neu': 0.75, 'pos': 0.064, 'compound': -0.802},\n",
              " 71: {'neg': 0.186, 'neu': 0.773, 'pos': 0.042, 'compound': -0.7043},\n",
              " 72: {'neg': 0.06, 'neu': 0.807, 'pos': 0.133, 'compound': 0.8419},\n",
              " 73: {'neg': 0.15, 'neu': 0.776, 'pos': 0.074, 'compound': -0.8381},\n",
              " 74: {'neg': 0.072, 'neu': 0.644, 'pos': 0.285, 'compound': 0.9903},\n",
              " 75: {'neg': 0.084, 'neu': 0.843, 'pos': 0.072, 'compound': -0.2484},\n",
              " 76: {'neg': 0.285, 'neu': 0.561, 'pos': 0.154, 'compound': -0.9307},\n",
              " 77: {'neg': 0.167, 'neu': 0.77, 'pos': 0.063, 'compound': -0.9012},\n",
              " 78: {'neg': 0.126, 'neu': 0.719, 'pos': 0.154, 'compound': 0.34},\n",
              " 79: {'neg': 0.119, 'neu': 0.836, 'pos': 0.045, 'compound': -0.521},\n",
              " 80: {'neg': 0.115, 'neu': 0.885, 'pos': 0.0, 'compound': -0.4588},\n",
              " 81: {'neg': 0.17, 'neu': 0.72, 'pos': 0.11, 'compound': -0.3915},\n",
              " 82: {'neg': 0.019, 'neu': 0.518, 'pos': 0.463, 'compound': 0.9926},\n",
              " 83: {'neg': 0.103, 'neu': 0.737, 'pos': 0.16, 'compound': 0.9422},\n",
              " 84: {'neg': 0.152, 'neu': 0.597, 'pos': 0.251, 'compound': 0.8399},\n",
              " 85: {'neg': 0.178, 'neu': 0.714, 'pos': 0.108, 'compound': -0.7964},\n",
              " 86: {'neg': 0.226, 'neu': 0.695, 'pos': 0.079, 'compound': -0.8568},\n",
              " 87: {'neg': 0.121, 'neu': 0.812, 'pos': 0.067, 'compound': -0.5426},\n",
              " 88: {'neg': 0.172, 'neu': 0.796, 'pos': 0.032, 'compound': -0.8712},\n",
              " 89: {'neg': 0.181, 'neu': 0.726, 'pos': 0.092, 'compound': -0.9081},\n",
              " 90: {'neg': 0.23, 'neu': 0.711, 'pos': 0.06, 'compound': -0.7364},\n",
              " 91: {'neg': 0.243, 'neu': 0.736, 'pos': 0.02, 'compound': -0.9784},\n",
              " 92: {'neg': 0.06, 'neu': 0.842, 'pos': 0.098, 'compound': 0.5106},\n",
              " 93: {'neg': 0.093, 'neu': 0.848, 'pos': 0.06, 'compound': -0.5603},\n",
              " 94: {'neg': 0.199, 'neu': 0.761, 'pos': 0.04, 'compound': -0.9703},\n",
              " 95: {'neg': 0.238, 'neu': 0.711, 'pos': 0.051, 'compound': -0.9449},\n",
              " 96: {'neg': 0.187, 'neu': 0.677, 'pos': 0.137, 'compound': -0.8454},\n",
              " 97: {'neg': 0.182, 'neu': 0.771, 'pos': 0.047, 'compound': -0.8481},\n",
              " 98: {'neg': 0.268, 'neu': 0.732, 'pos': 0.0, 'compound': -0.6808},\n",
              " 99: {'neg': 0.0, 'neu': 0.783, 'pos': 0.217, 'compound': 0.9081},\n",
              " 100: {'neg': 0.186, 'neu': 0.814, 'pos': 0.0, 'compound': -0.6249},\n",
              " 101: {'neg': 0.073, 'neu': 0.843, 'pos': 0.084, 'compound': 0.1027},\n",
              " 102: {'neg': 0.172, 'neu': 0.744, 'pos': 0.084, 'compound': -0.95},\n",
              " 103: {'neg': 0.065, 'neu': 0.611, 'pos': 0.324, 'compound': 0.9652},\n",
              " 104: {'neg': 0.4, 'neu': 0.522, 'pos': 0.078, 'compound': -0.8779},\n",
              " 105: {'neg': 0.463, 'neu': 0.537, 'pos': 0.0, 'compound': -0.8591},\n",
              " 106: {'neg': 0.226, 'neu': 0.621, 'pos': 0.152, 'compound': -0.0798},\n",
              " 107: {'neg': 0.126, 'neu': 0.776, 'pos': 0.098, 'compound': -0.7455},\n",
              " 108: {'neg': 0.0, 'neu': 0.879, 'pos': 0.121, 'compound': 0.6808},\n",
              " 109: {'neg': 0.0, 'neu': 0.786, 'pos': 0.214, 'compound': 0.9735},\n",
              " 110: {'neg': 0.222, 'neu': 0.556, 'pos': 0.222, 'compound': -0.0},\n",
              " 111: {'neg': 0.177, 'neu': 0.672, 'pos': 0.151, 'compound': -0.4792},\n",
              " 112: {'neg': 0.223, 'neu': 0.674, 'pos': 0.103, 'compound': -0.875},\n",
              " 113: {'neg': 0.266, 'neu': 0.591, 'pos': 0.143, 'compound': -0.9457},\n",
              " 114: {'neg': 0.124, 'neu': 0.761, 'pos': 0.116, 'compound': -0.3948},\n",
              " 115: {'neg': 0.1, 'neu': 0.837, 'pos': 0.063, 'compound': -0.5106},\n",
              " 116: {'neg': 0.047, 'neu': 0.892, 'pos': 0.061, 'compound': 0.4588},\n",
              " 117: {'neg': 0.307, 'neu': 0.601, 'pos': 0.092, 'compound': -0.8565},\n",
              " 118: {'neg': 0.279, 'neu': 0.697, 'pos': 0.024, 'compound': -0.9313},\n",
              " 119: {'neg': 0.162, 'neu': 0.811, 'pos': 0.027, 'compound': -0.7574},\n",
              " 120: {'neg': 0.12, 'neu': 0.854, 'pos': 0.026, 'compound': -0.8591},\n",
              " 121: {'neg': 0.043, 'neu': 0.743, 'pos': 0.214, 'compound': 0.9632},\n",
              " 122: {'neg': 0.231, 'neu': 0.641, 'pos': 0.128, 'compound': -0.6808},\n",
              " 123: {'neg': 0.125, 'neu': 0.875, 'pos': 0.0, 'compound': -0.5106},\n",
              " 124: {'neg': 0.121, 'neu': 0.774, 'pos': 0.104, 'compound': 0.0},\n",
              " 125: {'neg': 0.104, 'neu': 0.64, 'pos': 0.257, 'compound': 0.9723},\n",
              " 126: {'neg': 0.089, 'neu': 0.628, 'pos': 0.283, 'compound': 0.9415},\n",
              " 127: {'neg': 0.099, 'neu': 0.84, 'pos': 0.06, 'compound': -0.125},\n",
              " 128: {'neg': 0.294, 'neu': 0.706, 'pos': 0.0, 'compound': -0.7698},\n",
              " 129: {'neg': 0.0, 'neu': 0.638, 'pos': 0.362, 'compound': 0.942},\n",
              " 130: {'neg': 0.396, 'neu': 0.604, 'pos': 0.0, 'compound': -0.9019},\n",
              " 131: {'neg': 0.212, 'neu': 0.733, 'pos': 0.055, 'compound': -0.805},\n",
              " 132: {'neg': 0.168, 'neu': 0.773, 'pos': 0.06, 'compound': -0.5994},\n",
              " 133: {'neg': 0.395, 'neu': 0.605, 'pos': 0.0, 'compound': -0.7579},\n",
              " 134: {'neg': 0.0, 'neu': 0.574, 'pos': 0.426, 'compound': 0.9948},\n",
              " 135: {'neg': 0.082, 'neu': 0.711, 'pos': 0.207, 'compound': 0.6808},\n",
              " 136: {'neg': 0.062, 'neu': 0.599, 'pos': 0.339, 'compound': 0.9753},\n",
              " 137: {'neg': 0.085, 'neu': 0.812, 'pos': 0.103, 'compound': 0.0772},\n",
              " 138: {'neg': 0.098, 'neu': 0.827, 'pos': 0.076, 'compound': -0.6134},\n",
              " 139: {'neg': 0.31, 'neu': 0.531, 'pos': 0.159, 'compound': -0.7269},\n",
              " 140: {'neg': 0.18, 'neu': 0.752, 'pos': 0.069, 'compound': -0.5267},\n",
              " 141: {'neg': 0.103, 'neu': 0.81, 'pos': 0.087, 'compound': -0.411},\n",
              " 142: {'neg': 0.125, 'neu': 0.814, 'pos': 0.061, 'compound': -0.7269},\n",
              " 143: {'neg': 0.086, 'neu': 0.784, 'pos': 0.129, 'compound': 0.8107},\n",
              " 144: {'neg': 0.151, 'neu': 0.719, 'pos': 0.129, 'compound': -0.2732},\n",
              " 145: {'neg': 0.045, 'neu': 0.599, 'pos': 0.357, 'compound': 0.979},\n",
              " 146: {'neg': 0.039, 'neu': 0.697, 'pos': 0.264, 'compound': 0.9168},\n",
              " 147: {'neg': 0.115, 'neu': 0.702, 'pos': 0.183, 'compound': 0.8008},\n",
              " 148: {'neg': 0.113, 'neu': 0.76, 'pos': 0.127, 'compound': 0.4125},\n",
              " 149: {'neg': 0.1, 'neu': 0.355, 'pos': 0.545, 'compound': 0.9746},\n",
              " 150: {'neg': 0.182, 'neu': 0.692, 'pos': 0.126, 'compound': -0.6267},\n",
              " 151: {'neg': 0.11, 'neu': 0.789, 'pos': 0.101, 'compound': -0.0772},\n",
              " 152: {'neg': 0.046, 'neu': 0.811, 'pos': 0.143, 'compound': 0.9421},\n",
              " 153: {'neg': 0.067, 'neu': 0.82, 'pos': 0.112, 'compound': 0.1896},\n",
              " 154: {'neg': 0.106, 'neu': 0.814, 'pos': 0.08, 'compound': -0.5358},\n",
              " 155: {'neg': 0.071, 'neu': 0.711, 'pos': 0.218, 'compound': 0.4404},\n",
              " 156: {'neg': 0.106, 'neu': 0.829, 'pos': 0.065, 'compound': -0.7346},\n",
              " 157: {'neg': 0.178, 'neu': 0.756, 'pos': 0.067, 'compound': -0.743},\n",
              " 158: {'neg': 0.052, 'neu': 0.749, 'pos': 0.199, 'compound': 0.6908},\n",
              " 159: {'neg': 0.082, 'neu': 0.698, 'pos': 0.22, 'compound': 0.8958},\n",
              " 160: {'neg': 0.0, 'neu': 0.648, 'pos': 0.352, 'compound': 0.765},\n",
              " 161: {'neg': 0.0, 'neu': 0.93, 'pos': 0.07, 'compound': 0.2584},\n",
              " 162: {'neg': 0.131, 'neu': 0.841, 'pos': 0.029, 'compound': -0.9211},\n",
              " 163: {'neg': 0.118, 'neu': 0.828, 'pos': 0.055, 'compound': -0.8192},\n",
              " 164: {'neg': 0.211, 'neu': 0.748, 'pos': 0.041, 'compound': -0.8779},\n",
              " 165: {'neg': 0.148, 'neu': 0.781, 'pos': 0.07, 'compound': -0.6124},\n",
              " 166: {'neg': 0.144, 'neu': 0.828, 'pos': 0.028, 'compound': -0.8268},\n",
              " 167: {'neg': 0.088, 'neu': 0.821, 'pos': 0.091, 'compound': 0.34},\n",
              " 168: {'neg': 0.125, 'neu': 0.875, 'pos': 0.0, 'compound': -0.5719},\n",
              " 169: {'neg': 0.046, 'neu': 0.83, 'pos': 0.124, 'compound': 0.2681},\n",
              " 170: {'neg': 0.078, 'neu': 0.752, 'pos': 0.17, 'compound': 0.902},\n",
              " 171: {'neg': 0.301, 'neu': 0.699, 'pos': 0.0, 'compound': -0.8588},\n",
              " 172: {'neg': 0.139, 'neu': 0.752, 'pos': 0.109, 'compound': 0.0516},\n",
              " 173: {'neg': 0.084, 'neu': 0.673, 'pos': 0.243, 'compound': 0.885},\n",
              " 174: {'neg': 0.081, 'neu': 0.74, 'pos': 0.178, 'compound': 0.8519},\n",
              " 175: {'neg': 0.06, 'neu': 0.904, 'pos': 0.036, 'compound': -0.4512},\n",
              " 176: {'neg': 0.177, 'neu': 0.779, 'pos': 0.044, 'compound': -0.743},\n",
              " 177: {'neg': 0.108, 'neu': 0.749, 'pos': 0.143, 'compound': -0.0026},\n",
              " 178: {'neg': 0.07, 'neu': 0.709, 'pos': 0.221, 'compound': 0.8441},\n",
              " 179: {'neg': 0.19, 'neu': 0.642, 'pos': 0.168, 'compound': -0.4389},\n",
              " 180: {'neg': 0.427, 'neu': 0.515, 'pos': 0.058, 'compound': -0.9382},\n",
              " 181: {'neg': 0.214, 'neu': 0.786, 'pos': 0.0, 'compound': -0.7184},\n",
              " 182: {'neg': 0.22, 'neu': 0.687, 'pos': 0.093, 'compound': -0.7288},\n",
              " 183: {'neg': 0.081, 'neu': 0.831, 'pos': 0.088, 'compound': 0.5789},\n",
              " 184: {'neg': 0.197, 'neu': 0.803, 'pos': 0.0, 'compound': -0.8225},\n",
              " 185: {'neg': 0.071, 'neu': 0.87, 'pos': 0.059, 'compound': -0.25},\n",
              " 186: {'neg': 0.198, 'neu': 0.692, 'pos': 0.11, 'compound': -0.846},\n",
              " 187: {'neg': 0.0, 'neu': 0.466, 'pos': 0.534, 'compound': 0.9901},\n",
              " 188: {'neg': 0.155, 'neu': 0.845, 'pos': 0.0, 'compound': -0.765},\n",
              " 189: {'neg': 0.287, 'neu': 0.673, 'pos': 0.04, 'compound': -0.8957},\n",
              " 190: {'neg': 0.294, 'neu': 0.706, 'pos': 0.0, 'compound': -0.91},\n",
              " 191: {'neg': 0.115, 'neu': 0.813, 'pos': 0.073, 'compound': -0.2819},\n",
              " 192: {'neg': 0.265, 'neu': 0.674, 'pos': 0.061, 'compound': -0.8126},\n",
              " 193: {'neg': 0.165, 'neu': 0.835, 'pos': 0.0, 'compound': -0.7968},\n",
              " 194: {'neg': 0.105, 'neu': 0.852, 'pos': 0.042, 'compound': -0.9042},\n",
              " 195: {'neg': 0.0, 'neu': 0.616, 'pos': 0.384, 'compound': 0.9538},\n",
              " 196: {'neg': 0.249, 'neu': 0.661, 'pos': 0.09, 'compound': -0.8555},\n",
              " 197: {'neg': 0.125, 'neu': 0.691, 'pos': 0.183, 'compound': 0.8827},\n",
              " 198: {'neg': 0.043, 'neu': 0.853, 'pos': 0.105, 'compound': 0.4939},\n",
              " 199: {'neg': 0.0, 'neu': 0.586, 'pos': 0.414, 'compound': 0.836},\n",
              " 200: {'neg': 0.198, 'neu': 0.684, 'pos': 0.118, 'compound': -0.7655},\n",
              " 201: {'neg': 0.064, 'neu': 0.728, 'pos': 0.208, 'compound': 0.9623},\n",
              " 202: {'neg': 0.341, 'neu': 0.632, 'pos': 0.027, 'compound': -0.9858},\n",
              " 203: {'neg': 0.216, 'neu': 0.733, 'pos': 0.051, 'compound': -0.9116},\n",
              " 204: {'neg': 0.215, 'neu': 0.645, 'pos': 0.14, 'compound': -0.5535},\n",
              " 205: {'neg': 0.18, 'neu': 0.82, 'pos': 0.0, 'compound': -0.8286},\n",
              " 206: {'neg': 0.086, 'neu': 0.706, 'pos': 0.208, 'compound': 0.8007},\n",
              " 207: {'neg': 0.106, 'neu': 0.699, 'pos': 0.195, 'compound': 0.8568},\n",
              " 208: {'neg': 0.139, 'neu': 0.829, 'pos': 0.032, 'compound': -0.7151},\n",
              " 209: {'neg': 0.195, 'neu': 0.756, 'pos': 0.049, 'compound': -0.967},\n",
              " 210: {'neg': 0.157, 'neu': 0.769, 'pos': 0.074, 'compound': -0.3612},\n",
              " 211: {'neg': 0.3, 'neu': 0.7, 'pos': 0.0, 'compound': -0.8519},\n",
              " 212: {'neg': 0.153, 'neu': 0.607, 'pos': 0.24, 'compound': 0.765},\n",
              " 213: {'neg': 0.136, 'neu': 0.705, 'pos': 0.159, 'compound': 0.7723},\n",
              " 214: {'neg': 0.082, 'neu': 0.85, 'pos': 0.068, 'compound': -0.6847},\n",
              " 215: {'neg': 0.193, 'neu': 0.653, 'pos': 0.153, 'compound': -0.5574},\n",
              " 216: {'neg': 0.192, 'neu': 0.72, 'pos': 0.088, 'compound': -0.6908},\n",
              " 217: {'neg': 0.116, 'neu': 0.672, 'pos': 0.212, 'compound': 0.5719},\n",
              " 218: {'neg': 0.076, 'neu': 0.54, 'pos': 0.384, 'compound': 0.9693},\n",
              " 219: {'neg': 0.164, 'neu': 0.77, 'pos': 0.066, 'compound': -0.7889},\n",
              " 220: {'neg': 0.138, 'neu': 0.733, 'pos': 0.129, 'compound': -0.0516},\n",
              " 221: {'neg': 0.277, 'neu': 0.636, 'pos': 0.087, 'compound': -0.9601},\n",
              " 222: {'neg': 0.214, 'neu': 0.635, 'pos': 0.152, 'compound': -0.7326},\n",
              " 223: {'neg': 0.092, 'neu': 0.75, 'pos': 0.157, 'compound': 0.8884},\n",
              " 224: {'neg': 0.125, 'neu': 0.771, 'pos': 0.104, 'compound': -0.2654},\n",
              " 225: {'neg': 0.1, 'neu': 0.865, 'pos': 0.035, 'compound': -0.8016},\n",
              " 226: {'neg': 0.295, 'neu': 0.598, 'pos': 0.107, 'compound': -0.7227},\n",
              " 227: {'neg': 0.119, 'neu': 0.786, 'pos': 0.094, 'compound': -0.3134},\n",
              " 228: {'neg': 0.237, 'neu': 0.583, 'pos': 0.18, 'compound': -0.6597},\n",
              " 229: {'neg': 0.08, 'neu': 0.529, 'pos': 0.391, 'compound': 0.926},\n",
              " 230: {'neg': 0.175, 'neu': 0.645, 'pos': 0.18, 'compound': 0.0789},\n",
              " 231: {'neg': 0.169, 'neu': 0.831, 'pos': 0.0, 'compound': -0.7438},\n",
              " 232: {'neg': 0.218, 'neu': 0.591, 'pos': 0.191, 'compound': -0.5719},\n",
              " 233: {'neg': 0.0, 'neu': 0.685, 'pos': 0.315, 'compound': 0.9386},\n",
              " 234: {'neg': 0.278, 'neu': 0.606, 'pos': 0.116, 'compound': -0.9309},\n",
              " 235: {'neg': 0.341, 'neu': 0.623, 'pos': 0.036, 'compound': -0.9747},\n",
              " 236: {'neg': 0.132, 'neu': 0.772, 'pos': 0.096, 'compound': -0.4404},\n",
              " 237: {'neg': 0.081, 'neu': 0.547, 'pos': 0.372, 'compound': 0.9922},\n",
              " 238: {'neg': 0.103, 'neu': 0.59, 'pos': 0.308, 'compound': 0.9957},\n",
              " 239: {'neg': 0.192, 'neu': 0.788, 'pos': 0.019, 'compound': -0.9578},\n",
              " 240: {'neg': 0.153, 'neu': 0.722, 'pos': 0.125, 'compound': -0.4588},\n",
              " 241: {'neg': 0.039, 'neu': 0.855, 'pos': 0.105, 'compound': 0.4588},\n",
              " 242: {'neg': 0.21, 'neu': 0.665, 'pos': 0.125, 'compound': -0.674},\n",
              " 243: {'neg': 0.17, 'neu': 0.76, 'pos': 0.07, 'compound': -0.6705},\n",
              " 244: {'neg': 0.14, 'neu': 0.84, 'pos': 0.02, 'compound': -0.9517},\n",
              " 245: {'neg': 0.246, 'neu': 0.629, 'pos': 0.125, 'compound': -0.9267},\n",
              " 246: {'neg': 0.341, 'neu': 0.659, 'pos': 0.0, 'compound': -0.8979},\n",
              " 247: {'neg': 0.044, 'neu': 0.782, 'pos': 0.173, 'compound': 0.9476},\n",
              " 248: {'neg': 0.199, 'neu': 0.801, 'pos': 0.0, 'compound': -0.7351},\n",
              " 249: {'neg': 0.095, 'neu': 0.775, 'pos': 0.13, 'compound': 0.4795},\n",
              " 250: {'neg': 0.153, 'neu': 0.777, 'pos': 0.07, 'compound': -0.5267},\n",
              " 251: {'neg': 0.255, 'neu': 0.708, 'pos': 0.037, 'compound': -0.8957},\n",
              " 252: {'neg': 0.111, 'neu': 0.661, 'pos': 0.228, 'compound': 0.992},\n",
              " 253: {'neg': 0.169, 'neu': 0.715, 'pos': 0.116, 'compound': -0.7278},\n",
              " 254: {'neg': 0.168, 'neu': 0.732, 'pos': 0.101, 'compound': -0.296},\n",
              " 255: {'neg': 0.249, 'neu': 0.691, 'pos': 0.06, 'compound': -0.9313},\n",
              " 256: {'neg': 0.256, 'neu': 0.668, 'pos': 0.075, 'compound': -0.93},\n",
              " 257: {'neg': 0.12, 'neu': 0.763, 'pos': 0.117, 'compound': 0.0397},\n",
              " 258: {'neg': 0.052, 'neu': 0.948, 'pos': 0.0, 'compound': -0.7184},\n",
              " 259: {'neg': 0.272, 'neu': 0.669, 'pos': 0.059, 'compound': -0.9137},\n",
              " 260: {'neg': 0.06, 'neu': 0.866, 'pos': 0.073, 'compound': 0.1749},\n",
              " 261: {'neg': 0.064, 'neu': 0.847, 'pos': 0.088, 'compound': 0.1779},\n",
              " 262: {'neg': 0.036, 'neu': 0.512, 'pos': 0.451, 'compound': 0.9753},\n",
              " 263: {'neg': 0.067, 'neu': 0.883, 'pos': 0.05, 'compound': -0.4412},\n",
              " 264: {'neg': 0.101, 'neu': 0.882, 'pos': 0.017, 'compound': -0.6486},\n",
              " 265: {'neg': 0.171, 'neu': 0.693, 'pos': 0.136, 'compound': -0.4927},\n",
              " 266: {'neg': 0.055, 'neu': 0.592, 'pos': 0.353, 'compound': 0.9337},\n",
              " 267: {'neg': 0.139, 'neu': 0.702, 'pos': 0.159, 'compound': 0.1531},\n",
              " 268: {'neg': 0.191, 'neu': 0.739, 'pos': 0.069, 'compound': -0.796},\n",
              " 269: {'neg': 0.106, 'neu': 0.61, 'pos': 0.285, 'compound': 0.6597},\n",
              " 270: {'neg': 0.062, 'neu': 0.668, 'pos': 0.271, 'compound': 0.9393},\n",
              " 271: {'neg': 0.0, 'neu': 0.687, 'pos': 0.313, 'compound': 0.8736},\n",
              " 272: {'neg': 0.137, 'neu': 0.57, 'pos': 0.293, 'compound': 0.6249},\n",
              " 273: {'neg': 0.299, 'neu': 0.616, 'pos': 0.085, 'compound': -0.6486},\n",
              " 274: {'neg': 0.064, 'neu': 0.787, 'pos': 0.149, 'compound': 0.7096},\n",
              " 275: {'neg': 0.053, 'neu': 0.683, 'pos': 0.264, 'compound': 0.9371},\n",
              " 276: {'neg': 0.147, 'neu': 0.771, 'pos': 0.082, 'compound': -0.9501},\n",
              " 277: {'neg': 0.032, 'neu': 0.522, 'pos': 0.446, 'compound': 0.981},\n",
              " 278: {'neg': 0.122, 'neu': 0.673, 'pos': 0.205, 'compound': 0.4019},\n",
              " 279: {'neg': 0.051, 'neu': 0.461, 'pos': 0.488, 'compound': 0.9524},\n",
              " 280: {'neg': 0.029, 'neu': 0.729, 'pos': 0.243, 'compound': 0.984},\n",
              " 281: {'neg': 0.04, 'neu': 0.67, 'pos': 0.29, 'compound': 0.9876},\n",
              " 282: {'neg': 0.0, 'neu': 0.455, 'pos': 0.545, 'compound': 0.9371},\n",
              " 283: {'neg': 0.107, 'neu': 0.763, 'pos': 0.13, 'compound': 0.3182},\n",
              " 284: {'neg': 0.292, 'neu': 0.4, 'pos': 0.308, 'compound': 0.2516},\n",
              " 285: {'neg': 0.128, 'neu': 0.775, 'pos': 0.097, 'compound': -0.1531},\n",
              " 286: {'neg': 0.035, 'neu': 0.595, 'pos': 0.37, 'compound': 0.9348},\n",
              " 287: {'neg': 0.0, 'neu': 0.746, 'pos': 0.254, 'compound': 0.7003},\n",
              " 288: {'neg': 0.021, 'neu': 0.691, 'pos': 0.287, 'compound': 0.978},\n",
              " 289: {'neg': 0.153, 'neu': 0.819, 'pos': 0.028, 'compound': -0.9313},\n",
              " 290: {'neg': 0.153, 'neu': 0.847, 'pos': 0.0, 'compound': -0.8402},\n",
              " 291: {'neg': 0.085, 'neu': 0.769, 'pos': 0.146, 'compound': 0.8218},\n",
              " 292: {'neg': 0.193, 'neu': 0.61, 'pos': 0.197, 'compound': 0.296},\n",
              " 293: {'neg': 0.04, 'neu': 0.546, 'pos': 0.414, 'compound': 0.9732},\n",
              " 294: {'neg': 0.0, 'neu': 0.898, 'pos': 0.102, 'compound': 0.7096},\n",
              " 295: {'neg': 0.103, 'neu': 0.727, 'pos': 0.17, 'compound': 0.802},\n",
              " 296: {'neg': 0.208, 'neu': 0.746, 'pos': 0.045, 'compound': -0.9764},\n",
              " 297: {'neg': 0.1, 'neu': 0.66, 'pos': 0.24, 'compound': 0.9423},\n",
              " 298: {'neg': 0.075, 'neu': 0.787, 'pos': 0.138, 'compound': 0.5994},\n",
              " 299: {'neg': 0.13, 'neu': 0.84, 'pos': 0.03, 'compound': -0.9845},\n",
              " 300: {'neg': 0.133, 'neu': 0.657, 'pos': 0.21, 'compound': 0.802},\n",
              " 301: {'neg': 0.052, 'neu': 0.739, 'pos': 0.209, 'compound': 0.8493},\n",
              " 302: {'neg': 0.112, 'neu': 0.654, 'pos': 0.233, 'compound': 0.8857},\n",
              " 303: {'neg': 0.106, 'neu': 0.675, 'pos': 0.219, 'compound': 0.7506},\n",
              " 304: {'neg': 0.154, 'neu': 0.704, 'pos': 0.142, 'compound': -0.5267},\n",
              " 305: {'neg': 0.183, 'neu': 0.622, 'pos': 0.195, 'compound': -0.1779},\n",
              " 306: {'neg': 0.127, 'neu': 0.785, 'pos': 0.089, 'compound': -0.3993},\n",
              " 307: {'neg': 0.167, 'neu': 0.74, 'pos': 0.093, 'compound': -0.9669},\n",
              " 308: {'neg': 0.0, 'neu': 0.567, 'pos': 0.433, 'compound': 0.8934},\n",
              " 309: {'neg': 0.133, 'neu': 0.636, 'pos': 0.231, 'compound': 0.9493},\n",
              " 310: {'neg': 0.26, 'neu': 0.678, 'pos': 0.063, 'compound': -0.9287},\n",
              " 311: {'neg': 0.154, 'neu': 0.777, 'pos': 0.069, 'compound': -0.7004},\n",
              " 312: {'neg': 0.181, 'neu': 0.73, 'pos': 0.089, 'compound': -0.8176},\n",
              " 313: {'neg': 0.011, 'neu': 0.868, 'pos': 0.121, 'compound': 0.9682},\n",
              " 314: {'neg': 0.099, 'neu': 0.876, 'pos': 0.026, 'compound': -0.8074},\n",
              " 315: {'neg': 0.044, 'neu': 0.677, 'pos': 0.278, 'compound': 0.9932},\n",
              " 316: {'neg': 0.23, 'neu': 0.689, 'pos': 0.082, 'compound': -0.8402},\n",
              " 317: {'neg': 0.085, 'neu': 0.547, 'pos': 0.368, 'compound': 0.886},\n",
              " 318: {'neg': 0.224, 'neu': 0.559, 'pos': 0.217, 'compound': 0.1928},\n",
              " 319: {'neg': 0.014, 'neu': 0.738, 'pos': 0.249, 'compound': 0.9798},\n",
              " 320: {'neg': 0.134, 'neu': 0.795, 'pos': 0.071, 'compound': -0.7506},\n",
              " 321: {'neg': 0.416, 'neu': 0.584, 'pos': 0.0, 'compound': -0.8934},\n",
              " 322: {'neg': 0.101, 'neu': 0.838, 'pos': 0.061, 'compound': -0.34},\n",
              " 323: {'neg': 0.165, 'neu': 0.726, 'pos': 0.109, 'compound': -0.2406},\n",
              " 324: {'neg': 0.063, 'neu': 0.582, 'pos': 0.354, 'compound': 0.9325},\n",
              " 325: {'neg': 0.094, 'neu': 0.775, 'pos': 0.131, 'compound': 0.4404},\n",
              " 326: {'neg': 0.0, 'neu': 0.646, 'pos': 0.354, 'compound': 0.9524},\n",
              " 327: {'neg': 0.058, 'neu': 0.74, 'pos': 0.202, 'compound': 0.8716},\n",
              " 328: {'neg': 0.0, 'neu': 1.0, 'pos': 0.0, 'compound': 0.0},\n",
              " 329: {'neg': 0.127, 'neu': 0.696, 'pos': 0.177, 'compound': 0.3971},\n",
              " 330: {'neg': 0.144, 'neu': 0.739, 'pos': 0.117, 'compound': -0.5423},\n",
              " 331: {'neg': 0.083, 'neu': 0.818, 'pos': 0.099, 'compound': 0.34},\n",
